51 71 9 57 33 62 55 73 98 4 
47 13 30 5 66 22 24 48 77 16 
71 7 74 85 16 40 40 36 53 46 
69 90 43 77 63 64 78 11 99 95 
53 55 100 6 69 93 57 92 16 47 
82 73 68 38 65 95 63 97 16 8 
20 70 72 74 45 19 36 92 51 30 
95 92 40 30 75 64 28 17 74 96 
33 53 77 22 27 94 16 18 79 1 
3 5 31 84 84 98 44 55 69 38 
100 40 99 38 9 86 35 35 21 84 
98 63 79 85 34 78 97 100 86 8 
9 60 69 15 2 51 27 82 66 27 
24 30 50 10 89 93 60 62 55 14 
7 4 13 62 18 63 68 39 22 85 
83 6 73 42 48 39 64 86 71 62 
95 47 5 84 98 39 21 60 50 58 
10 4 47 84 20 63 100 48 4 97 
50 73 54 63 70 71 43 25 8 63 
34 86 100 80 41 30 27 45 38 50 
17 96 63 26 69 24 60 9 70 40 
7 19 73 94 43 91 1 57 26 24 
45 76 87 29 19 45 89 94 37 96 
70 72 49 66 40 32 81 57 10 99 
65 97 89 65 21 48 59 37 89 33 
62 43 30 68 69 36 83 77 42 89 
98 38 55 53 39 95 90 23 22 78 
48 33 28 32 64 48 14 5 44 65 
83 78 1 10 33 33 11 34 34 22 
70 62 39 65 13 42 48 45 91 50 
66 44 6 38 48 98 20 76 57 64 
16 33 37 6 7 19 41 40 89 22 
36 81 81 62 55 77 88 54 32 38 
95 65 81 11 91 32 3 34 19 71 
54 76 31 16 38 72 55 49 2 91 
3 78 90 85 53 29 61 70 63 79 
19 38 85 74 39 85 6 4 17 2 
47 82 15 64 2 98 68 31 16 52 
39 71 56 94 62 26 64 47 24 36 
23 95 17 2 100 74 44 83 65 13 
15 76 32 77 19 88 60 34 22 41 
1 31 41 6 79 64 13 68 78 54 
77 27 94 33 10 46 7 93 26 60 
95 9 23 42 7 4 43 54 20 14 
16 21 18 18 8 83 85 83 72 64 
46 91 64 31 22 83 60 29 58 19 
45 48 75 9 19 73 10 86 29 81 
41 21 64 72 79 38 70 82 33 17 
90 56 10 99 2 86 80 19 98 45 
28 81 18 23 17 50 86 29 92 17 
42 6 86 51 74 52 56 86 89 58 
83 86 32 55 69 91 63 65 29 16 
25 61 19 50 9 25 4 16 69 24 
93 82 54 55 40 78 99 94 33 73 
41 66 88 14 31 20 25 53 10 65 
76 62 43 10 59 94 80 18 14 91 
41 42 92 44 72 35 8 80 40 48 
20 66 44 49 44 81 21 32 76 74 
87 96 77 20 67 40 4 69 74 18 
37 87 96 81 23 7 49 64 87 14 
48 78 70 60 90 72 94 65 41 34 
41 97 20 31 17 43 59 90 43 20 
21 51 51 64 21 85 83 22 86 4 
28 6 80 21 17 10 87 45 88 48 
18 14 76 31 18 82 90 64 66 63 
51 4 40 61 59 93 71 69 92 98 
83 43 14 52 30 84 71 48 66 36 
64 40 58 33 66 34 72 84 45 96 
95 88 16 5 43 77 92 82 50 97 
10 6 20 47 84 8 5 77 9 25 
73 49 18 12 94 93 61 36 22 52 
25 30 86 61 89 3 30 51 97 45 
94 70 20 64 24 85 41 76 2 51 
24 13 68 9 89 67 31 39 42 3 
78 65 33 81 58 36 96 3 67 83 
78 75 40 68 37 51 59 39 60 31 
2 63 3 7 68 45 89 91 4 8 
100 90 20 63 29 94 93 80 41 100 
35 17 98 41 65 49 51 65 97 31 
52 76 42 75 88 50 62 8 72 37 
35 86 55 65 88 85 41 20 21 36 
78 84 6 9 6 48 89 32 21 85 
62 93 20 79 51 4 1 8 83 32 
77 22 6 89 26 85 54 24 19 36 
48 85 64 77 83 56 62 14 19 32 
80 83 85 96 34 69 99 62 69 98 
1 19 16 59 5 59 87 5 83 70 
98 88 4 6 64 74 78 19 57 21 
68 89 20 71 51 33 96 4 20 84 
8 41 31 54 8 57 31 8 78 51 
67 15 14 36 69 34 11 77 5 11 
39 53 82 29 87 31 18 84 35 23 
99 98 87 95 52 52 89 60 17 56 
23 7 61 21 31 42 59 64 93 62 
17 86 32 63 46 92 14 5 87 56 
14 44 19 59 29 100 31 38 33 24 
85 100 66 53 9 27 15 76 21 50 
14 92 36 47 23 100 20 54 15 14 
41 4 13 27 9 15 80 73 94 21 
5 10 37 27 18 86 89 46 32 34 
